150 120 52 52 20
0 0 6 P
1 42 51 P
2 51 28 P
3 0 31 P
4 0 4 P
5 49 51 P
6 43 0 P
7 0 16 P
8 8 0 P
9 0 26 P
10 4 0 P
11 48 0 P
12 51 44 P
13 0 30 P
14 0 24 P
15 11 0 P
16 0 23 P
17 0 41 P
18 24 0 P
19 0 10 P
20 T0
21 T0
22 T0
23 T0
24 T0
25 T0
26 T0
27 T0
28 T0
29 T0
30 T0
31 T0
32 T0
33 T0
34 T0
35 T0
36 T0
37 T0
38 T0
39 T0
40 T0
41 T0
42 T0
43 T0
44 T0
45 T0
46 T0
47 T0
48 T0
49 T0
50 T0
51 T0
52 T0
53 T0
54 T0
55 T0
56 T0
57 T0
58 T0
59 T0
60 T0
61 T0
62 T0
63 T0
64 T0
65 T0
66 T0
67 T0
68 T0
69 T0
70 T0
71 T0
72 T0
73 T0
74 T0
75 T0
76 T0
77 T0
78 T0
79 T0
80 T0
81 T0
82 T0
83 T0
84 T0
85 T0
86 T0
87 T0
88 T0
89 T0
90 T0
91 T0
92 T0
93 T0
94 T0
95 T0
96 T0
97 T0
98 T1
99 T1
100 T1
101 T1
102 T1
103 T1
104 T1
105 T1
106 T1
107 T1
108 T1
109 T1
110 T1
111 T1
112 T1
113 T1
114 T1
115 T1
116 T1
117 T1
118 T1
119 T1
120 T1
121 T1
122 T1
123 T1
124 T1
125 T1
126 T1
127 T1
128 T1
129 T1
130 T1
131 T2
132 T2
133 T2
134 T2
135 T2
136 T2
137 T2
138 T2
139 T2
140 T2
141 T2
142 T2
143 T2
144 T3
145 T3
146 T3
147 T3
148 T3
149 T3
5 28 47 23 103 90
3 63 137 3
2 45 87
5 56 109 12 104 102
4 54 50 147 81
2 144 23
3 0 109 36
4 123 76 44 102
4 88 114 12 121
3 92 139 106
2 67 52
4 93 109 87 82
2 120 116
4 127 7 73 133
4 98 11 120 46
4 63 87 149 40
5 94 58 67 64 45
3 46 106 121
3 143 40 23
4 111 6 114 90
2 39 47
5 140 110 13 57 87
3 38 78 92
2 95 15
4 6 54 105 61
5 145 92 64 109 60
5 89 43 94 149 16
5 94 83 111 11 58
5 102 68 103 131 91
4 79 39 145 108
2 43 67
3 78 37 90
4 111 18 25 35
3 52 40 14
2 5 76
4 145 11 56 21
3 123 141 5
4 41 109 26 85
2 59 78
2 5 65
2 47 115
4 106 2 36 56
4 133 146 3 122
2 143 11
2 64 75
4 39 57 118 72
5 93 131 85 37 43
3 74 73 131
3 149 51 24
5 18 46 127 80 82
2 104 49
3 15 55 113
2 79 88
4 32 102 39 70
2 31 111
3 9 84 22
4 80 2 134 95
3 38 5 139
5 20 63 99 18 114
4 88 128 135 112
4 34 96 42 32
3 134 127 77
3 98 64 99
3 40 136 93
2 124 11
4 64 50 66 122
2 54 0
2 106 17
2 147 125
3 33 89 41
5 41 135 34 75 68
2 63 65
2 14 56
5 47 63 87 70 25
5 4 2 76 21 16
3 75 39 90
5 97 59 47 143 55
2 59 62
3 28 112 144
2 126 24
5 91 16 8 119 80
5 41 26 96 45 25
4 112 69 141 124
3 33 67 68
3 109 125 20
5 65 12 96 127 63
2 129 87
2 43 110
4 72 139 85 134
4 103 124 123 37
2 37 113
5 59 2 85 107 86
5 30 63 14 134 7
3 42 141 21
3 85 114 112
3 0 120 142
4 55 49 1 31
4 84 3 30 42
4 103 57 89 125
5 109 138 70 100 104
2 99 40
5 51 60 76 86 1
3 69 101 10
3 97 10 53
5 23 58 31 50 92
2 27 121
2 75 89
2 11 121
2 95 124
5 114 138 84 94 99
4 105 106 120 141
3 122 13 112
4 38 21 134 116
3 32 95 136
2 24 30
5 113 85 90 28 116
3 112 10 3
2 19 36
3 61 44 60
4 133 149 129 19
