300 250 52 52 20
0 6 0 P
1 25 0 P
2 0 30 P
3 51 35 P
4 39 0 P
5 51 23 P
6 0 31 P
7 51 17 P
8 51 37 P
9 51 48 P
10 41 51 P
11 0 32 P
12 51 5 P
13 32 0 P
14 51 15 P
15 51 34 P
16 51 25 P
17 0 45 P
18 51 13 P
19 33 0 P
20 T0
21 T0
22 T0
23 T0
24 T0
25 T0
26 T0
27 T0
28 T0
29 T0
30 T0
31 T0
32 T0
33 T0
34 T0
35 T0
36 T0
37 T0
38 T0
39 T0
40 T0
41 T0
42 T0
43 T0
44 T0
45 T0
46 T0
47 T0
48 T0
49 T0
50 T0
51 T0
52 T0
53 T0
54 T0
55 T0
56 T0
57 T0
58 T0
59 T0
60 T0
61 T0
62 T0
63 T0
64 T0
65 T0
66 T0
67 T0
68 T0
69 T0
70 T0
71 T0
72 T0
73 T0
74 T0
75 T0
76 T0
77 T0
78 T0
79 T0
80 T0
81 T0
82 T0
83 T0
84 T0
85 T0
86 T0
87 T0
88 T0
89 T0
90 T0
91 T0
92 T0
93 T0
94 T0
95 T0
96 T0
97 T0
98 T0
99 T0
100 T0
101 T0
102 T0
103 T0
104 T0
105 T0
106 T0
107 T0
108 T0
109 T0
110 T0
111 T0
112 T0
113 T0
114 T0
115 T0
116 T0
117 T0
118 T0
119 T0
120 T0
121 T0
122 T0
123 T0
124 T0
125 T0
126 T0
127 T0
128 T0
129 T0
130 T0
131 T0
132 T0
133 T0
134 T0
135 T0
136 T0
137 T0
138 T0
139 T0
140 T0
141 T0
142 T0
143 T0
144 T0
145 T0
146 T0
147 T0
148 T0
149 T0
150 T0
151 T0
152 T0
153 T0
154 T0
155 T0
156 T0
157 T0
158 T0
159 T0
160 T0
161 T0
162 T0
163 T0
164 T0
165 T0
166 T0
167 T0
168 T0
169 T0
170 T0
171 T0
172 T0
173 T0
174 T0
175 T0
176 T0
177 T0
178 T0
179 T0
180 T0
181 T0
182 T0
183 T0
184 T0
185 T0
186 T0
187 T0
188 T1
189 T1
190 T1
191 T1
192 T1
193 T1
194 T1
195 T1
196 T1
197 T1
198 T1
199 T1
200 T1
201 T1
202 T1
203 T1
204 T1
205 T1
206 T1
207 T1
208 T1
209 T1
210 T1
211 T1
212 T1
213 T1
214 T1
215 T1
216 T1
217 T1
218 T1
219 T1
220 T1
221 T1
222 T1
223 T1
224 T1
225 T1
226 T1
227 T1
228 T1
229 T1
230 T1
231 T1
232 T1
233 T1
234 T1
235 T1
236 T1
237 T1
238 T1
239 T1
240 T1
241 T1
242 T1
243 T1
244 T1
245 T1
246 T1
247 T1
248 T1
249 T1
250 T1
251 T1
252 T1
253 T1
254 T1
255 T1
256 T1
257 T1
258 T2
259 T2
260 T2
261 T2
262 T2
263 T2
264 T2
265 T2
266 T2
267 T2
268 T2
269 T2
270 T2
271 T2
272 T2
273 T2
274 T2
275 T2
276 T2
277 T2
278 T2
279 T2
280 T2
281 T2
282 T2
283 T2
284 T2
285 T2
286 T3
287 T3
288 T3
289 T3
290 T3
291 T3
292 T3
293 T3
294 T3
295 T3
296 T3
297 T3
298 T3
299 T3
3 37 149 272
3 17 158 30
5 225 8 251 2 210
5 186 276 228 151 232
5 101 295 277 247 182
4 239 131 187 156
4 18 290 71 248
4 184 285 120 57
4 243 44 195 292
3 298 258 2
4 12 221 268 194
3 5 206 2
2 248 168
2 6 167
5 1 138 30 47 153
2 72 229
4 126 297 220 77
4 165 249 86 224
3 87 227 52
4 160 58 203 173
5 0 140 114 88 64
2 291 141
5 118 157 299 127 130
2 28 288
3 87 92 186
3 287 32 219
2 251 206
2 179 196
4 232 207 282 45
2 234 236
4 245 46 240 105
2 203 63
2 13 76
4 131 178 14 3
4 123 266 50 126
5 271 95 63 137 146
2 231 221
3 103 102 198
5 7 269 277 191 299
5 282 53 61 51 54
3 269 233 17
5 139 222 69 57 56
2 253 103
5 213 55 296 103 251
5 259 199 272 183 90
2 191 295
3 85 154 97
2 286 80
3 215 165 258
2 129 70
2 19 132
5 225 265 18 44 244
2 155 236
5 262 282 53 253 51
4 298 4 70 151
2 271 186
4 116 133 181 63
5 101 175 288 221 89
4 130 250 297 193
4 142 246 221 166
3 138 118 216
2 130 269
3 79 184 41
5 296 127 120 270 152
3 213 286 158
2 146 14
3 234 180 275
3 293 156 121
5 240 63 204 291 145
2 68 287
5 297 40 144 100 85
3 44 258 276
3 237 298 249
2 105 239
5 69 76 142 180 52
4 223 146 181 247
4 128 71 39 226
5 289 45 299 206 100
3 190 189 234
4 38 124 227 16
3 4 287 186
2 109 171
2 106 50
5 253 185 155 103 66
4 50 153 279 25
3 197 190 293
3 171 257 59
3 36 287 135
4 20 172 117 73
4 37 59 271 227
3 203 36 217
3 30 184 73
4 104 61 127 26
3 125 206 6
5 167 285 134 263 83
2 251 31
5 219 290 180 121 178
5 82 206 43 219 244
5 118 75 129 290 144
3 155 291 270
5 253 247 55 260 255
5 61 24 73 233 217
2 22 118
5 63 223 167 76 238
3 200 18 48
5 33 193 107 15 76
2 240 21
2 270 111
2 158 110
5 116 224 243 200 53
3 62 255 159
5 122 159 2 227 297
2 244 17
3 236 250 257
3 104 175 253
2 266 241
5 64 36 175 115 12
2 54 236
4 57 193 256 52
3 278 84 284
4 46 144 20 4
2 193 205
3 41 232 201
2 18 231
3 153 46 118
5 11 123 120 92 103
2 183 160
4 63 157 104 105
4 125 79 232 119
4 107 257 143 270
3 197 175 274
3 295 176 90
2 238 138
2 294 104
3 269 122 22
4 58 219 4 217
3 273 18 150
2 99 263
2 27 63
3 246 8 205
4 203 107 5 117
4 162 44 100 113
5 207 292 160 178 87
3 282 80 29
2 166 278
2 19 165
3 149 262 299
5 183 34 26 124 164
3 11 4 238
2 190 83
4 156 106 79 221
4 236 69 134 261
3 176 46 171
5 63 81 227 293 74
2 72 281
3 196 2 244
4 46 221 82 44
5 29 89 212 186 97
2 282 42
3 171 221 261
3 42 79 290
2 200 291
4 133 20 8 171
3 245 51 231
2 3 9
4 111 15 166 195
4 33 73 123 181
4 79 83 135 265
5 254 291 28 241 179
5 49 68 17 111 19
4 98 248 179 13
3 100 51 41
3 298 34 193
3 3 251 238
5 212 226 155 195 32
4 48 251 209 115
4 51 71 36 62
2 64 232
3 211 242 62
2 80 15
5 68 25 219 270 132
2 294 171
5 77 100 6 266 175
2 241 139
5 198 204 281 256 30
5 185 103 267 115 9
5 117 6 128 221 288
5 85 193 21 88 90
3 139 135 251
5 44 295 218 205 26
5 262 4 295 108 55
2 58 168
4 264 166 169 147
3 77 135 250
4 114 215 282 143
5 70 126 95 29 298
3 238 104 276
2 207 277
5 60 236 85 64 240
2 18 282
3 16 107 290
2 265 157
2 25 261
5 29 206 275 149 18
3 28 183 139
4 37 89 220 214
2 185 121
5 189 265 207 252 277
3 120 81 39
3 174 223 14
3 290 263 220
4 269 234 139 8
2 162 50
2 296 113
4 139 155 215 104
4 227 188 151 171
4 217 237 91 44
4 160 30 228 264
3 132 294 87
2 257 147
2 71 240
2 119 145
2 11 5
3 79 71 133
5 253 118 61 143 74
3 78 261 110
5 269 111 14 74 91
4 8 255 257 115
5 43 234 153 27 161
4 0 96 84 115
2 69 192
5 40 25 144 274 179
5 203 29 92 140 109
3 82 89 250
2 281 188
3 31 80 69
4 2 35 248 292
5 77 293 17 20 102
2 189 43
3 42 89 288
3 144 128 283
5 72 249 97 175 278
4 145 107 178 185
5 113 46 279 20 49
4 261 102 175 73
2 207 162
5 215 184 212 149 161
4 68 290 147 94
3 249 167 61
2 1 25
