500 450 52 52 20
0 51 2 P
1 51 22 P
2 24 51 P
3 13 0 P
4 0 27 P
5 51 17 P
6 0 20 P
7 0 22 P
8 0 8 P
9 51 21 P
10 49 51 P
11 0 31 P
12 0 21 P
13 0 35 P
14 0 51 P
15 34 51 P
16 2 0 P
17 0 29 P
18 51 51 P
19 51 10 P
20 T0
21 T0
22 T0
23 T0
24 T0
25 T0
26 T0
27 T0
28 T0
29 T0
30 T0
31 T0
32 T0
33 T0
34 T0
35 T0
36 T0
37 T0
38 T0
39 T0
40 T0
41 T0
42 T0
43 T0
44 T0
45 T0
46 T0
47 T0
48 T0
49 T0
50 T0
51 T0
52 T0
53 T0
54 T0
55 T0
56 T0
57 T0
58 T0
59 T0
60 T0
61 T0
62 T0
63 T0
64 T0
65 T0
66 T0
67 T0
68 T0
69 T0
70 T0
71 T0
72 T0
73 T0
74 T0
75 T0
76 T0
77 T0
78 T0
79 T0
80 T0
81 T0
82 T0
83 T0
84 T0
85 T0
86 T0
87 T0
88 T0
89 T0
90 T0
91 T0
92 T0
93 T0
94 T0
95 T0
96 T0
97 T0
98 T0
99 T0
100 T0
101 T0
102 T0
103 T0
104 T0
105 T0
106 T0
107 T0
108 T0
109 T0
110 T0
111 T0
112 T0
113 T0
114 T0
115 T0
116 T0
117 T0
118 T0
119 T0
120 T0
121 T0
122 T0
123 T0
124 T0
125 T0
126 T0
127 T0
128 T0
129 T0
130 T0
131 T0
132 T0
133 T0
134 T0
135 T0
136 T0
137 T0
138 T0
139 T0
140 T0
141 T0
142 T0
143 T0
144 T0
145 T0
146 T0
147 T0
148 T0
149 T0
150 T0
151 T0
152 T0
153 T0
154 T0
155 T0
156 T0
157 T0
158 T0
159 T0
160 T0
161 T0
162 T0
163 T0
164 T0
165 T0
166 T0
167 T0
168 T0
169 T0
170 T0
171 T0
172 T0
173 T0
174 T0
175 T0
176 T0
177 T0
178 T0
179 T0
180 T0
181 T0
182 T0
183 T0
184 T0
185 T0
186 T0
187 T0
188 T0
189 T0
190 T0
191 T0
192 T0
193 T0
194 T0
195 T0
196 T0
197 T0
198 T0
199 T0
200 T0
201 T0
202 T0
203 T0
204 T0
205 T0
206 T0
207 T0
208 T0
209 T0
210 T0
211 T0
212 T0
213 T0
214 T0
215 T0
216 T0
217 T0
218 T0
219 T0
220 T0
221 T0
222 T0
223 T0
224 T0
225 T0
226 T0
227 T0
228 T0
229 T0
230 T0
231 T0
232 T0
233 T0
234 T0
235 T0
236 T0
237 T0
238 T0
239 T0
240 T0
241 T0
242 T0
243 T0
244 T0
245 T0
246 T0
247 T0
248 T0
249 T0
250 T0
251 T0
252 T0
253 T0
254 T0
255 T0
256 T0
257 T0
258 T0
259 T0
260 T0
261 T0
262 T0
263 T0
264 T0
265 T0
266 T0
267 T0
268 T0
269 T0
270 T0
271 T0
272 T0
273 T0
274 T0
275 T0
276 T0
277 T0
278 T0
279 T0
280 T0
281 T0
282 T0
283 T0
284 T0
285 T0
286 T0
287 T0
288 T0
289 T0
290 T0
291 T0
292 T0
293 T0
294 T0
295 T0
296 T0
297 T0
298 T0
299 T0
300 T0
301 T0
302 T0
303 T0
304 T0
305 T0
306 T0
307 T0
308 T1
309 T1
310 T1
311 T1
312 T1
313 T1
314 T1
315 T1
316 T1
317 T1
318 T1
319 T1
320 T1
321 T1
322 T1
323 T1
324 T1
325 T1
326 T1
327 T1
328 T1
329 T1
330 T1
331 T1
332 T1
333 T1
334 T1
335 T1
336 T1
337 T1
338 T1
339 T1
340 T1
341 T1
342 T1
343 T1
344 T1
345 T1
346 T1
347 T1
348 T1
349 T1
350 T1
351 T1
352 T1
353 T1
354 T1
355 T1
356 T1
357 T1
358 T1
359 T1
360 T1
361 T1
362 T1
363 T1
364 T1
365 T1
366 T1
367 T1
368 T1
369 T1
370 T1
371 T1
372 T1
373 T1
374 T1
375 T1
376 T1
377 T1
378 T1
379 T1
380 T1
381 T1
382 T1
383 T1
384 T1
385 T1
386 T1
387 T1
388 T1
389 T1
390 T1
391 T1
392 T1
393 T1
394 T1
395 T1
396 T1
397 T1
398 T1
399 T1
400 T1
401 T1
402 T1
403 T1
404 T1
405 T1
406 T1
407 T1
408 T1
409 T1
410 T1
411 T1
412 T1
413 T1
414 T1
415 T1
416 T1
417 T1
418 T1
419 T1
420 T1
421 T1
422 T1
423 T1
424 T1
425 T1
426 T1
427 T1
428 T2
429 T2
430 T2
431 T2
432 T2
433 T2
434 T2
435 T2
436 T2
437 T2
438 T2
439 T2
440 T2
441 T2
442 T2
443 T2
444 T2
445 T2
446 T2
447 T2
448 T2
449 T2
450 T2
451 T2
452 T2
453 T2
454 T2
455 T2
456 T2
457 T2
458 T2
459 T2
460 T2
461 T2
462 T2
463 T2
464 T2
465 T2
466 T2
467 T2
468 T2
469 T2
470 T2
471 T2
472 T2
473 T2
474 T2
475 T2
476 T3
477 T3
478 T3
479 T3
480 T3
481 T3
482 T3
483 T3
484 T3
485 T3
486 T3
487 T3
488 T3
489 T3
490 T3
491 T3
492 T3
493 T3
494 T3
495 T3
496 T3
497 T3
498 T3
499 T3
4 138 497 6 2
5 95 213 38 205 385
3 21 307 207
5 349 402 317 118 440
2 213 22
2 97 344
3 35 148 13
3 238 249 118
2 461 350
3 483 147 405
5 498 37 466 94 52
3 47 44 457
2 475 382
2 52 385
2 330 136
2 188 498
5 238 135 120 494 377
2 119 142
4 148 348 205 237
5 446 491 460 414 200
4 174 94 209 463
3 375 284 377
2 285 322
5 425 453 236 217 190
2 24 39
3 210 34 484
3 2 53 245
3 108 270 367
5 257 12 267 139 174
3 325 430 232
5 317 326 370 120 428
5 370 400 497 237 193
2 31 366
4 478 213 103 194
2 86 297
4 3 102 308 303
4 106 271 257 88
3 40 95 192
4 139 203 87 243
2 373 261
2 146 233
2 2 332
3 482 290 21
5 392 150 181 59 203
5 34 373 436 419 398
5 281 169 50 199 177
5 168 75 188 333 244
3 315 2 402
4 178 301 342 41
5 51 70 224 144 410
3 14 329 62
5 389 396 122 125 20
5 322 284 30 248 287
3 136 468 233
4 274 254 364 220
2 423 450
3 213 495 114
4 51 87 414 300
2 107 306
5 464 391 438 304 364
3 316 25 417
4 33 263 322 101
2 362 69
5 320 68 108 325 83
5 210 427 339 405 136
5 45 479 288 330 344
4 118 410 464 212
3 262 365 125
5 436 474 416 254 315
4 347 232 315 108
3 428 331 218
4 241 51 72 312
2 451 167
4 499 5 464 364
3 483 341 253
5 141 91 172 36 359
3 491 218 183
3 132 357 66
4 222 119 292 215
3 373 237 200
4 149 266 350 229
5 50 290 242 207 191
4 64 449 463 331
3 481 35 202
3 433 270 385
3 135 142 147
2 317 357
4 429 240 208 56
5 386 421 435 175 151
2 326 220
4 347 12 170 283
2 297 492
4 285 132 90 168
4 295 252 480 210
4 420 78 108 464
3 47 370 126
4 75 233 458 17
2 24 89
3 481 413 64
4 391 28 104 198
3 231 413 376
2 209 75
2 420 309
5 410 206 162 245 300
4 86 474 251 377
2 177 470
5 495 133 23 96 191
3 190 332 167
3 424 159 482
2 173 339
4 276 431 314 461
3 113 366 132
3 388 3 37
2 18 63
5 132 381 334 0 447
4 316 130 454 214
5 268 88 411 67 236
3 150 67 327
2 25 275
2 30 200
5 43 266 175 237 296
4 324 423 443 449
3 152 103 20
3 366 81 71
4 341 112 216 280
4 139 418 428 181
2 460 138
5 170 33 171 447 294
2 368 389
4 400 441 294 267
4 48 412 224 475
4 150 32 95 288
3 143 401 11
5 149 374 496 14 311
5 456 490 132 331 107
2 478 0
5 117 248 168 406 92
3 27 268 19
3 122 45 247
2 400 240
2 480 197
5 255 134 264 184 299
4 441 202 0 284
3 339 428 261
3 414 288 460
4 36 355 117 378
2 391 348
3 381 490 163
2 135 412
3 60 488 245
5 241 357 136 249 114
4 398 224 304 190
5 66 265 312 131 223
2 248 133
3 272 247 336
4 316 157 464 367
5 296 404 486 151 180
5 251 136 343 4 257
3 87 442 480
2 61 409
4 427 150 96 422
2 100 384
3 64 317 148
2 172 299
3 412 62 79
2 414 253
4 388 490 323 447
5 33 461 46 341 122
5 375 31 479 409 89
2 331 201
4 271 105 356 308
5 84 50 330 448 49
5 174 473 190 148 391
5 241 111 11 443 489
4 272 9 418 156
4 274 42 145 13
5 443 181 474 338 420
5 428 298 375 459 227
3 406 463 199
4 239 373 477 100
3 345 74 377
2 140 285
3 26 60 397
3 21 250 437
3 212 49 69
4 48 251 5 125
4 286 470 120 124
2 130 463
4 361 208 163 11
5 118 150 300 388 426
3 3 308 354
4 53 77 284 90
5 487 389 455 242 383
5 303 51 379 487 447
2 184 164
2 495 92
5 175 414 256 413 396
2 448 56
5 431 376 298 161 25
5 63 95 431 256 319
2 158 477
4 26 137 4 319
4 306 226 143 489
2 25 321
2 86 172
3 27 142 76
3 153 0 142
5 218 390 92 476 146
2 469 112
3 443 96 347
2 129 331
2 422 412
4 380 185 112 94
3 7 493 93
4 289 64 29 50
5 115 352 159 86 31
2 79 114
4 470 238 454 9
4 75 433 377 339
4 27 403 245 450
2 11 395
3 374 398 249
3 180 148 331
4 379 147 185 348
4 86 39 374 133
4 386 453 297 388
4 419 381 111 396
4 8 191 141 415
5 483 276 233 20 133
5 123 473 302 367 352
4 83 25 144 338
3 399 344 5
4 0 235 303 67
2 463 489
5 385 98 437 301 424
3 117 246 353
4 401 412 208 434
5 44 73 46 404 258
5 324 339 305 341 410
3 240 299 313
5 15 39 362 446 435
4 340 177 92 463
3 229 63 82
3 162 33 202
4 36 98 483 146
5 71 5 424 412 418
2 439 285
3 417 232 277
3 469 455 94
5 132 492 256 52 53
5 36 52 42 330 251
4 206 260 9 306
4 55 212 272 430
2 204 108
5 469 0 413 444 285
2 90 312
2 363 447
5 5 155 300 438 365
4 278 286 10 305
2 217 403
4 304 35 216 338
2 138 68
4 339 43 143 468
3 499 272 329
2 184 266
5 92 408 304 340 211
4 416 128 87 74
3 276 61 14
3 497 8 101
5 304 256 134 104 331
2 277 133
2 268 106
4 219 475 53 169
2 316 295
4 258 319 115 91
4 51 485 343 246
2 297 24
2 358 183
5 116 83 129 33 320
2 387 296
3 390 398 493
5 75 17 22 191 303
4 222 347 416 317
2 323 241
5 195 9 231 373 144
3 442 414 267
5 83 148 153 89 211
4 417 470 294 442
5 157 12 190 160 147
4 96 355 170 466
3 39 286 444
5 112 65 428 342 472
5 122 345 292 279 278
3 268 221 427
3 212 149 257
5 78 20 97 46 159
2 200 408
5 262 147 491 141 60
5 85 141 163 209 270
4 389 430 97 438
3 301 154 399
5 120 83 315 458 203
3 365 290 284
2 214 199
3 123 130 31
3 382 439 250
4 66 463 140 319
4 210 77 230 233
5 431 342 259 237 362
4 284 401 141 5
5 35 216 101 77 128
4 487 465 102 354
5 150 54 14 197 323
5 408 451 355 198 194
2 205 424
4 149 273 330 385
2 304 452
4 91 164 496 400
4 352 56 226 67
4 291 298 349 265
3 226 150 263
2 385 315
4 16 117 457 122
2 128 126
5 462 100 378 128 294
4 265 435 206 465
4 49 80 429 286
3 246 296 446
5 0 86 276 184 291
5 306 409 471 391 57
5 325 111 150 326 146
3 71 457 166
2 296 348
5 362 321 499 212 183
3 25 121 292
2 252 451
5 172 392 295 483 421
3 267 65 265
5 90 358 59 157 49
2 215 71
3 426 385 383
2 390 310
3 129 116 433
3 143 464 97
4 459 220 140 209
2 324 198
2 19 477
2 247 235
2 491 32
4 121 236 62 444
3 100 352 232
3 319 306 118
3 225 121 193
4 112 186 15 181
2 6 400
4 105 475 45 306
5 480 427 415 418 392
2 120 458
3 13 283 174
4 174 493 115 317
2 191 138
4 82 152 41 93
3 24 219 127
5 283 487 344 499 257
2 483 45
4 163 97 100 178
2 310 202
4 166 127 297 372
5 122 300 431 270 450
2 289 254
2 338 264
4 91 357 26 196
2 133 328
2 235 429
3 151 489 12
2 96 381
2 226 339
4 95 56 142 32
3 336 38 249
4 396 354 208 304
3 305 91 153
4 369 130 63 216
2 447 177
4 416 466 368 494
4 148 441 475 66
3 40 197 199
5 457 232 123 77 300
4 311 210 428 286
4 226 377 5 479
3 153 161 241
2 479 21
2 55 7
3 273 358 97
5 483 259 489 350 375
4 310 174 47 327
3 182 220 302
2 80 467
2 262 229
5 383 108 27 118 463
5 415 15 439 129 417
3 61 45 269
4 421 98 490 349
4 82 11 153 317
4 116 393 312 423
3 33 307 276
3 382 136 467
2 148 71
2 325 265
2 357 260
2 63 473
2 349 415
4 111 69 308 279
2 40 127
2 212 131
4 354 488 365 321
5 344 407 391 134 201
3 359 476 64
4 134 295 157 165
4 3 318 118 30
2 135 17
2 303 304
5 151 253 243 359 257
3 461 317 394
4 196 432 11 13
3 463 349 107
2 487 57
5 24 18 233 25 342
2 98 15
2 459 343
3 432 423 138
2 225 309
2 407 221
5 38 428 45 337 2
5 303 447 266 188 47
4 11 42 60 447
2 269 179
5 162 18 101 43 107
2 156 380
5 368 233 273 355 246
2 313 123
3 345 117 174
4 285 221 441 74
4 356 144 349 461
5 494 444 208 269 274
4 391 357 250 24
3 218 306 370
4 397 116 211 166
2 51 13
5 476 267 380 166 313
5 404 99 183 481 142
